0.000000000000000000e+00 1.925968623300748639e-01
9.973310011396167851e-02 2.839333150108412362e-01
1.994662002279233570e-01 3.268833504193243700e-01
2.991993003418850217e-01 5.366495122898560233e-01
3.989324004558467140e-01 7.181914758797540710e-01
4.986655005698084064e-01 5.292836370848007510e-01
5.983986006837700433e-01 6.425427953109715817e-01
6.981317007977317912e-01 7.286553613009500996e-01
7.978648009116934281e-01 1.043167747550568958e+00
8.975979010256551760e-01 8.979454866583971295e-01
9.973310011396168129e-01 1.154823965612750136e+00
1.097064101253578450e+00 9.948474758914429561e-01
1.196797201367540087e+00 1.031087504349062822e+00
1.296530301481501946e+00 1.291150669036453813e+00
1.396263401595463582e+00 1.108702621749620532e+00
1.495996501709425219e+00 1.347136401840605791e+00
1.595729601823386856e+00 1.136920886195951885e+00
1.695462701937348493e+00 1.259154331171967733e+00
1.795195802051310352e+00 1.236251389260066613e+00
1.894928902165271989e+00 9.745780723324541928e-01
1.994662002279233626e+00 1.249261864410613931e+00
2.094395102393195263e+00 9.544926472089744207e-01
2.194128202507156900e+00 9.925351963008253176e-01
2.293861302621118536e+00 1.077452243844210678e+00
2.393594402735080173e+00 7.130145019234607195e-01
2.493327502849041810e+00 6.688429162899929281e-01
2.593060602963003891e+00 6.612925432594854991e-01
2.692793703076965528e+00 4.434049074636015608e-01
2.792526803190927165e+00 7.332275393755156578e-01
2.892259903304888802e+00 6.029425958983983813e-01
2.991993003418850439e+00 2.497441159561294977e-01
3.091726103532812076e+00 1.720533631179072542e-01
3.191459203646773712e+00 1.498150631319313808e-01
3.291192303760734905e+00 -1.097453348171861798e-02
3.390925403874696986e+00 -2.797139085178276807e-02
3.490658503988659067e+00 3.365897839611009523e-02
3.590391604102620704e+00 -2.002386821510608317e-01
3.690124704216581897e+00 -3.938146263634203503e-01
3.789857804330543978e+00 -5.648736957662797709e-01
3.889590904444506059e+00 -3.501923450101475099e-01
3.989324004558467252e+00 -6.778800929064892067e-01
4.089057104672428444e+00 -4.134091336668037631e-01
4.188790204786390525e+00 -5.063439663268987090e-01
4.288523304900352606e+00 -8.507981678680002213e-01
4.388256405014313799e+00 -5.638298104492793783e-01
4.487989505128274992e+00 -7.988083801281702367e-01
4.587722605242237073e+00 -8.981983275968925540e-01
4.687455705356199154e+00 -8.286975679168694375e-01
4.787188805470160347e+00 -8.778453202139949729e-01
4.886921905584122428e+00 -7.907493886999050758e-01
4.986655005698083620e+00 -9.399684116723644456e-01
5.086388105812045701e+00 -9.261590050893367954e-01
5.186121205926007782e+00 -8.154525699758062851e-01
5.285854306039968975e+00 -7.498239921100962047e-01
5.385587406153931056e+00 -4.012125480759842211e-01
5.485320506267893137e+00 -6.532257299756875080e-01
5.585053606381854330e+00 -2.849299765889019564e-01
5.684786706495815523e+00 -3.954375143868964493e-01
5.784519806609777604e+00 -4.463229498864876299e-01
5.884252906723739684e+00 -2.827783986047466835e-01
5.983986006837700877e+00 6.641084981975553525e-02
6.083719106951662070e+00 -1.577996429381915977e-01
6.183452207065624151e+00 2.230888629148571056e-02
6.283185307179586232e+00 3.357931739243911196e-01
